8594
8402
8354
8354
8402
7889
7873
7969
8097
8850
9090
9282
9186
9250
9362
9426
9362
9378
9362
9362
9394
9346
9346
9394
9474
9346
9410
9426
9298
9458
9410
9410
9362
9378
9426
9410
9346
9314
9346
9410
9442
9650
9218
9426
9378
9346
9346
9282
9282
9314
9378
9282
9250
9186
9426
9314
9538
9442
9378
9346
9234
9330
9282
9234
9362
9330
9266
9410
9298
9426
9346
9314
9362
9298
9314
9314
9650
9266
9218
9506
9346
9266
9378
9378
9138
9362
9426
9266
9346
9314
9282
9538
9730
9282
9346
9250
9250
9346
9362
9298
9346
9394
9282
9282
9538
9394
9282
9778
9314
9490
9410
9314
9426
9394
9282
9394
9298
9330
9346
9394
9186
9378
9410
9282
9346
9362
9394
9314
9554
9570
9394
9362
9298
9362
9474
9314
9650
9314
9218
9362
9250
9378
9218
9394
9330
9186
9250
9346
9442
9298
9346
9282
9362
9298
9442
9474
9362
9410
9442
9682
9378
9186
9442
9394
9410
9346
9282
9410
9250
9282
9378
9282
9282
9362
9378
9346
9410
9346
9298
9394
9346
9282
9426
9378
9410
9282
9298
9410
9362
9282
9266
9362
9314
9346
9378
9426
9378
9346
9474
9218
9378
9346
9298
9378
9426
9282
9330
9442
9314
9362
9378
9362
9330
9362
9346
9394
9474
9378
9458
9442
9362
9394
8914
8177
8194
8177
8514
8498
8418
8434
8418