156
152
1107
1109
1373
1373
1369
1368
1373
2490
2499
2501
1744
1745
1481
1481
3339
3712
3719
3058
3051
3051
3064
3640
5905
6159
4791
4858
4858
4464
4618
5040
7135
6737
4783
4999
4512
4167
4455
4618
6796
6887
4899
5424
5178
4851
5098
5181
7260
7585
5252
5429
5120
4466
4642
4728
6700
7551
5178
5509
5573
4884
5167
5306
7436
8036
5820
5666
5794
4912
5109
5354
7428
7398
5026
4852
4848
4056
4095
4914
6890
6686
4976
5397
5396
4957
5264
6913
8246
7422
6050
6269
5626
5320
5560
7964
8112
6380
5649
5753
5077
5252
6082
7987
7752
5841
5945
5943
5418
5745
8411
8518
8177
6713
6782
6542
6511
8990
9795
9630
7803
7491
7034
6774
7779
9810
9384
7783
7403
7331
6892
7166
9310
10410
9333
8060
8347
7742
7729
8923
10573
10133
9067
8159
8438
7879
8204
11275
11415
10832
9758
10139
9644
9840
11669
13236
12687
10934
10954
10815
10709
11711
13996
13543
12749
11613
12045
11411
11941
14636
14279
14191
12692
12997
12772
12697
15732
16363
15780
13949
13668
18637
23510
29099
34321
39583
42238
46929
52457
57226
63087
63047
63053